2020-05-10T21-08-32
	AllThick	CryRadius	t
B	1.5		28.75		-0.34
	1.1		28.50		-0.23
	1.2		28.55		-0.45
	1.1		28.60		-0.37	
A	0.8		28.40		-0.56
	0.8		28.50		-0.66
	0.8		28.05		-0.39
	0.8		28.40		-0.26


2020-05-10T21-41-56
	AllThick	CryRadius	t
B	1.0		28.75		-0.32
	1.0		28.50		-0.29
	1.0		28.55		-0.48
	1.0		28.60		-0.41
A	0.8		28.75		-0.59
	0.8		28.90		-0.66
	0.8		28.75		-0.53
	0.8		28.75		-0.38

2020-05-10T22-04-25
	AllThick	CryRadius	t
B	1.5		28.00		-0.03
	1.5		28.20		-0.14
	1.5		28.00		-0.2
	1.5		28.00		-0.15	
A	1.5		28.00		-0.23
	1.5		28.00		-0.22
	1.5		28.00		-0.29
	1.5		28.40		-0.06


2020-05-10T22-12-38
	AllThick	CryRadius	t
B	1.5		28.00		-0.03
	1.5		28.00		-0.05
	1.5		27.80		-0.11
	1.5		27.85		-0.07	
A	1.5		27.80		-0.21
	1.5		27.80		-0.18
	1.5		27.80		-0.16
	1.5		28.40		-0.11


2020-05-10T22-20-31 (current version)
	AllThick	CryRadius	t
B	1.5		28.00		-0.04
	1.5		28.00		-0.07
	1.5		27.30		-0.03
	1.5		27.85		-0.13	
A	1.5		27.00		0.04
	1.5		27.20		-0.08
	1.5		27.20		-0.03
	1.5		28.40		-0.11