186.21100 0.01300 0.0355500 0.0001900
241.997000 0.003000 0.0726800 0.0002200
295.224000 0.002000 0.1841400 0.0003600
351.932000 0.002000 0.3560000 0.0007000
609.312000 0.007000 0.454900 0.001900
768.35600 0.01000 0.0489200 0.0001600
806.17400 0.01800 0.01262000 0.00006000
934.06100 0.01200 0.0310000 0.0001000
1120.28700 0.01000 0.1491000 0.0003000
1155.19000 0.02000 0.01635000 0.00007000
1238.11100 0.01200 0.0583100 0.0001400
1280.96000 0.02000 0.01435000 0.00006000
1377.66900 0.01200 0.0396800 0.0001100
1401.50000 0.04000 0.01330000 0.00007000
1407.98000 0.04000 0.02389000 0.00008000
1509.22800 0.01500 0.0212800 0.0001000
1729.59500 0.01500 0.0284400 0.0001000
1764.49400 0.01400 0.1531000 0.0005000
1847.42000 0.02500 0.0202500 0.0001200
2118.55000 0.03000 0.01158000 0.00005000
2204.21 0.04 0.0491300 0.0002300
2447.86 0.1 0.01548 0.00007